1111111111111111111111111111111111111111
1111111111111111111111111111111111111111
0000000000000000000000000000000000000000
0000000000000000000000000000000000000000
0000000000000000000000000000000000000000
0000000000000000000000000000000000000000
3333333300000000000000000000000000000000
3333333300000000000000000000000000000000
3333333300000000000000000000000000000000
3333333300000000000000000000000000000000
3333333333330000000000000000000000000000
3333333333330000000000000000000000000000
3333333333330000000000000000000000000000
3333333333330000000000000000000000000000
3333333333330000000000000000000000000000
3333333333330000000000000000000000000000
1111333333330000000000000000000000000000
1111333333330000000000000000000000000000
1111111133330000000000000000000000000000
1111111133330000000000000000000000000000
1111111133330000000000000000000000001111
1111111133330000000000000000000000001111
1111111111111111111111111111111111111111
1111111111111111111111111111111111111111
-1
-1
-1
28
21
