1111111111111111111111111111111111111111
1111111111111111111111111111111111111111
0000000000000000000000000000011111111111
0000000000000000000000000000001111111111
0000000000000000000000000000001111111111
4444444444444400000000000000011111111111
1111111111111100000000000000111111111111
1111111111111100000001111111111111111111
1111111111111100000011111111111111111111
1111111111111122222211111111111111111111
2222222222222222222211111111111111111111
2222222222222222222211111111111111111111
2222222222222222222211111111111111111111
2222222222222222222211111111111111111111
1111111111111111111111111111111111111111
1111111111111111111111111111111111111111
0000000000000000000011111111111111111111
0000000000000000000011111111111111111111
0000000000000000000011111111111111111111
0000000000000000000011111111111111111111
0000000000000000000011111111111111111111
0000000000000000000011111111111111111111
1111111111111111111111111111111111111111
1111111111111111111111111111111111111111
26
6
4
26
6