0000000000000000000000000000000011111111
0000000000000000000000000000000011111111
0000000000000000000000000000000011111111
0000000000000000000000000000000011111111
0000000000000000000000000000000011111111
0000000000000000000000000000000011111111
0000000000000000000000000000000000000000
0000000000000000000000000000000000000000
0000000000000000000000000000000000000000
0000000000000000000000000000000000000000
0000000000000000000000000000000000000000
0000000000000000000000000000000000000000
0000000000000000000000000000000011111111
0000000000000000000000000000000011111111
0000000000000000000000000000000011111111
0000000000000000000000000000000011111111
0000000000000000000000000000000011111111
0000000000000000000000000000000011111111
0000000000000000000000000000000000000000
0000000000000000000000000000000000000000
1111110000000000000000000000000000000000
1111110000000000000000000000000000000000
1111111111111111111111111111111111111111
1111111111111111111111111111111111111111-
1100000000000000000000000000000000000011
1100000000000000000000000000000000000011
1100000000000000000000000000000000000011
1100000000000000000000000000000000000011
1100000000000000000000000000000000000011
1100000000000000000000000000000000000011
1100000000000000000000000000000000000011
1100000000000000000000000000000000000011
1100000000000000000000000000000000000011
1100000000000000000000000000000000000011
1100000000000000000000000000000000000011
1100000000000000000000000000000000000011
1100000000000000000000000000000000000011
1100000000000000000000000000000000000011
1100000000000000000000000000000000000011
1100000000000000000000000000000000000011
1111111111111111111111111111110000111111
1111111111111111111111111111110000111111
0000000000000000000000000000000000000000
0000000000000000000000000000000000000000
0000000000000000000000000000000000000000
0000ABCDEFGHIJ00000000000000000000000000
0000000000000000000000000000000000000000
0000000000000000000000000000000000000000-
0000000000000000000000000000000000000000
0000000000000000000000000000000000000000
0000000000000000000000000000000000000000
0000000000000000000000000000000000000000
0000000000000000000000000000000000000000
0000000000000000000000000000000000000000
0000000000000000000000000000000000000000
0000000000000000000000000000000000000000
0000000000000000000000000000000000000000
0000000000000000000000000000000000000000
0000000000000000000000000000000000000000
0000000000000000000000000000000000000000
0000000000000000000000000000000000000000
0000000000000000000000000000000000000000
0000000000000000000000000000000000000000
0000000000000000000000000000000000000000
0000000000000000000000000000000000000000
0000000000000000000000000000000000000000
0000000000000000000000000000000000000000
0000000000000000000000000000000000000000
0000000000000000000000000000000000000000
0000000000000000000000000000000000000000
0000000000000000000000000000000000000000
0000000000000000000000000000000000000000urationage/jp2urationage/jp2