1111111111111111111111111111111111111111
1111111111111111111111111111111111111111
0000000000000000000000000000000000000000
0000000000000000000000000000000000000000
0000000000000000000000000000000000000000
0000000000000000000000000000000000000000
0000000000000000000000000000000000000000
0000000000000000000000000000000000000000
0000000000000000000000000000000000000000
0000000000000000000000000000000000000000
0000000000001111111100000000000000000000
0000000000001111111100000000000000000000
0000000000000000000000000000000000000000
0000000000000000000000000000000000000000
0000000000000000000000111111111100000000
0000000000000000000000111111111100000000
0000000000000000000000000000000000001111
0000000000000000000000000000000000001111
0000000000000000000000000000000000111111
0000000000000000000000000000000000111111
1111111111111111111100000000111111111111
1111111111111111111100000000111111111111
1111111111111111111111111111111111111111
1111111111111111111111111111111111111111
27
13
0
27
13