1111111111111111111111111111111111111111
1111111111111111111111111111111111111111
0000000000000000000000000000000000000000
0000000000000000000000000000000000000000
0000000000000000000000000000000000000000
0000000000000000000000000000000000000000
0000000111111111100000011111111111111111
0000000111111111100000011111111111111111
0000000111111110000000011111111111111111
0000000111111110000000011111111111111111
0000000011111000000001111111111111111111
0000000011111000000001111111111111111111
0000000011100000000001111111111111111111
0000000011100000000001111111111111111111
0000000001100000000001111111111111111111
0000000001100000000001111111111111111111
0000000001111000000000011111111111111111
0000000001111000000000011111111111111111
1111111111111111111111111111111111111111
1111111111111111111111111111111111111111
1111111111111111111111111111111111111111
1111111111111111111111111111111111111111
1111111111111111111111111111111111111111
1111111111111111111111111111111111111111
-1
-1
-1
35
5