1111100000000000000000000000000000000011
1111100000000000000000000000000000000011
0000000000000000000000000000000000000011
0000000000000000000000000000000000000011
0000000000000000000000000000000000000011
0000000000000000000000000000000000000011
0000000000000000000000000000000000000011
0000000000000000000000000000000000000011
0000000000000000000000000000000000000011
0000000000000000000000000000000000000011
0000000000000000000000000000000000000011
0000000000000000000000000000000000000011
0000000000000000000000000000000000000011
0000000000000000000000000000000000000011
0000000000000000000000000000000000000011
0000000000000000000000000000000000000011
1111111111111111111100000000000000000011
1111111111111111111122222222222222222211
1111111111111111111122222222222222222211
1111111111111111111122222222222222222211
1111111111111111111122222222222222222211
1111111111111111111122222222222222222211
1111111111111111111111111111111111111111
1111111111111111111111111111111111111111