1111111111111111111111111111111111111111
1111111111111111111111111111111111111111
1140000000000000000000000000000000000000
1140000000000000000000000000000000000000
1140000000000000000000000000000000000000
1140000000000000000000000000000000000000
1140000000000000000000000000000000000011
1140000000000000000000000000000000000411
1140000000000000000000000000000000000411
1140000000000000000000000000000000444111
1140000000000000000000000000000004111111
1140000000000000000000000000000004111111
1140000000000000000000000000000004111111
1140000000000000000000000000004441111111
1140000000000000000000000000041111111111
1140000000000000000000000000041111111111
1140000000000000000000000000041111111111
1140000000000000000000000044411111111111
1140000011111111111000000411111111111111
1140000411111111111400000411111111111111
1140000411111111111400000411111111111111
1114444111111111111444444111111111111111
1111111111111111111111111111111111111111
1111111111111111111111111111111111111111
13
17
2
13
17