1111111111111111111111111111111111111111
1111111111111111111111111111111111111111
0000000000000000000000000000000000000011
0000000000000000000000000000000000000011
0000000000000000000000000000000000000011
0000000000000000000000000000000000000011
1100000000000000000000000000000000000011
1100000000000000000000000000000000000011
1111000000000000000000000000000000000011
1111000000000000000000000000000000000011
1111000000000000000000000000000000000011
1111000000000000000000000000000000000011
1111000000000000000000000000000000000011
1111000000000000000000000000000000000011
1111100000000000000000000000000000000011
1111110000000000000000000000000000000011
1111110000000000000000000000000000000011
1111110000000000000000000000000000000011
1111110000000000000000000000000000000011
1111110000000000000000000000000000000011
1111110000000000000000000000000000000011
1111110000000000000000000000000000000011
1111110000000000000000000000000000000011
1111110000000000000000000000000000000011